{
  "cells": [
    {
      "cell_type": "markdown",
      "metadata": {
        "id": "view-in-github",
        "colab_type": "text"
      },
      "source": [
        "<a href=\"https://colab.research.google.com/github/ShlokAsthana73/NNA/blob/main/Tensors_Practise.ipynb\" target=\"_parent\"><img src=\"https://colab.research.google.com/assets/colab-badge.svg\" alt=\"Open In Colab\"/></a>"
      ]
    },
    {
      "cell_type": "code",
      "execution_count": null,
      "id": "ce454619-3422-455e-8cff-bb71e64e2901",
      "metadata": {
        "id": "ce454619-3422-455e-8cff-bb71e64e2901"
      },
      "outputs": [],
      "source": [
        "import tensorflow as tf\n",
        "import numpy as np"
      ]
    },
    {
      "cell_type": "markdown",
      "id": "158d4855-0b55-49d6-a21e-ed6bb3d9c783",
      "metadata": {
        "id": "158d4855-0b55-49d6-a21e-ed6bb3d9c783"
      },
      "source": [
        "# Create a tensor of shape (3, 3) with random numbers between 0 and 1"
      ]
    },
    {
      "cell_type": "code",
      "execution_count": null,
      "id": "583fc5db-235f-490e-a501-7fc5f0cae35f",
      "metadata": {
        "id": "583fc5db-235f-490e-a501-7fc5f0cae35f",
        "outputId": "0b582558-ec6f-4eda-8083-b62b18c1a454"
      },
      "outputs": [
        {
          "name": "stdout",
          "output_type": "stream",
          "text": [
            "First Tensor Created\n",
            "tf.Tensor(\n",
            "[[0.14690244 0.46425676 0.22489977]\n",
            " [0.35288846 0.9857408  0.99910235]\n",
            " [0.5648881  0.16375077 0.9890269 ]], shape=(3, 3), dtype=float32)\n"
          ]
        }
      ],
      "source": [
        "tf.random.set_seed(2)\n",
        "t1 = tf.random.uniform(shape=(3, 3), minval=0, maxval=1)\n",
        "print(f\"First Tensor Created\")\n",
        "print(t1)"
      ]
    },
    {
      "cell_type": "markdown",
      "id": "63957b56-a089-4f8e-99cb-b7bb579c82d0",
      "metadata": {
        "id": "63957b56-a089-4f8e-99cb-b7bb579c82d0"
      },
      "source": [
        "# Perform basic tensor operations including matrix addition, multiplication, and transpose"
      ]
    },
    {
      "cell_type": "code",
      "execution_count": null,
      "id": "6d212fe1-9d20-4ce7-91a5-e810ed2169af",
      "metadata": {
        "id": "6d212fe1-9d20-4ce7-91a5-e810ed2169af",
        "outputId": "41cd685d-82d4-43d7-9056-b97193434e3d"
      },
      "outputs": [
        {
          "name": "stdout",
          "output_type": "stream",
          "text": [
            "Second Tensor Created\n",
            "tf.Tensor(\n",
            "[[0.13366318 0.5678531  0.4963317 ]\n",
            " [0.01686525 0.50454175 0.74873126]\n",
            " [0.13033688 0.33561492 0.6519277 ]], shape=(3, 3), dtype=float32)\n"
          ]
        }
      ],
      "source": [
        "tf.random.set_seed(3)\n",
        "t2 = tf.random.uniform(shape=(3, 3), minval=0, maxval=1)\n",
        "print(f\"Second Tensor Created\")\n",
        "print(t2)"
      ]
    },
    {
      "cell_type": "code",
      "execution_count": null,
      "id": "860b690d-afce-415e-83ad-1237c19ca23e",
      "metadata": {
        "id": "860b690d-afce-415e-83ad-1237c19ca23e",
        "outputId": "1505674f-f07f-4805-c399-0ee95e5dd6ba"
      },
      "outputs": [
        {
          "name": "stdout",
          "output_type": "stream",
          "text": [
            "Matrix Addition\n"
          ]
        },
        {
          "data": {
            "text/plain": [
              "<tf.Tensor: shape=(3, 3), dtype=float32, numpy=\n",
              "array([[0.28056562, 1.0321099 , 0.72123146],\n",
              "       [0.36975372, 1.4902825 , 1.7478336 ],\n",
              "       [0.695225  , 0.4993657 , 1.6409546 ]], dtype=float32)>"
            ]
          },
          "execution_count": 57,
          "metadata": {},
          "output_type": "execute_result"
        }
      ],
      "source": [
        "# Perform matrix addition\n",
        "addition = tf.add(t1, t2)\n",
        "print(f\"Matrix Addition\")\n",
        "addition"
      ]
    },
    {
      "cell_type": "code",
      "execution_count": null,
      "id": "3f781241-dd67-44ab-b60c-8c783789acf2",
      "metadata": {
        "id": "3f781241-dd67-44ab-b60c-8c783789acf2",
        "outputId": "e23ddc94-0087-4018-edd3-2f7939b4c3b1"
      },
      "outputs": [
        {
          "name": "stdout",
          "output_type": "stream",
          "text": [
            "Matrix multiplication\n",
            "tf.Tensor(\n",
            "[[0.05677799 0.39313564 0.56713426]\n",
            " [0.19401285 1.0330498  1.5645472 ]\n",
            " [0.20717312 0.73532474 1.0477512 ]], shape=(3, 3), dtype=float32)\n"
          ]
        }
      ],
      "source": [
        "# Perform matrix multiplication\n",
        "multiplication = tf.matmul(t1, t2)\n",
        "print(f\"Matrix multiplication\")\n",
        "print(multiplication)"
      ]
    },
    {
      "cell_type": "code",
      "execution_count": null,
      "id": "f794d10f-fe4b-4e41-b970-50b858bfa631",
      "metadata": {
        "id": "f794d10f-fe4b-4e41-b970-50b858bfa631",
        "outputId": "22d91b0f-c297-44cc-dc61-1732c440e52b"
      },
      "outputs": [
        {
          "name": "stdout",
          "output_type": "stream",
          "text": [
            "Transpose of First Tensor\n",
            "tf.Tensor(\n",
            "[[0.14690244 0.35288846 0.5648881 ]\n",
            " [0.46425676 0.9857408  0.16375077]\n",
            " [0.22489977 0.99910235 0.9890269 ]], shape=(3, 3), dtype=float32)\n",
            "\n",
            "Transpose of Seoncd Tensor\n",
            "tf.Tensor(\n",
            "[[0.13366318 0.01686525 0.13033688]\n",
            " [0.5678531  0.50454175 0.33561492]\n",
            " [0.4963317  0.74873126 0.6519277 ]], shape=(3, 3), dtype=float32)\n"
          ]
        }
      ],
      "source": [
        "# Transpose\n",
        "transpose = tf.transpose(t1)\n",
        "print(f\"Transpose of First Tensor\")\n",
        "print(transpose)\n",
        "transpose2 = tf.transpose(t2)\n",
        "print(f\"\\nTranspose of Seoncd Tensor\")\n",
        "print(transpose2)"
      ]
    },
    {
      "cell_type": "markdown",
      "id": "c12cc9f4-59b0-492b-aae0-b14523e37a94",
      "metadata": {
        "id": "c12cc9f4-59b0-492b-aae0-b14523e37a94"
      },
      "source": [
        "# Convert the resulting tensor into a NumPy array and then reshape it into a (1, 9) tensor."
      ]
    },
    {
      "cell_type": "code",
      "execution_count": null,
      "id": "1c66ba52-1d36-44db-abe7-4a94a4bbbb66",
      "metadata": {
        "id": "1c66ba52-1d36-44db-abe7-4a94a4bbbb66",
        "outputId": "f81083cb-020a-4c90-88ad-5a913998a805"
      },
      "outputs": [
        {
          "name": "stdout",
          "output_type": "stream",
          "text": [
            "Numpy Created\n",
            "[[0.14690244 0.46425676 0.22489977]\n",
            " [0.35288846 0.9857408  0.99910235]\n",
            " [0.5648881  0.16375077 0.9890269 ]]\n"
          ]
        }
      ],
      "source": [
        "# Convert tensor to NumPy array\n",
        "numpy = t1.numpy()\n",
        "print(f\"Numpy Created\")\n",
        "print(numpy)"
      ]
    },
    {
      "cell_type": "code",
      "execution_count": null,
      "id": "d76cabd9-80ac-425e-a74b-8585a7c80c1e",
      "metadata": {
        "id": "d76cabd9-80ac-425e-a74b-8585a7c80c1e",
        "outputId": "ed4d37cd-0e07-4332-d434-0dce7adbd128"
      },
      "outputs": [
        {
          "name": "stdout",
          "output_type": "stream",
          "text": [
            "Numpy reshaped\n",
            "[[0.14690244 0.46425676 0.22489977 0.35288846 0.9857408  0.99910235\n",
            "  0.5648881  0.16375077 0.9890269 ]]\n"
          ]
        }
      ],
      "source": [
        "# Reshape the NumPy array to (1, 9)\n",
        "reshaped = numpy.reshape(1, 9)\n",
        "print(f\"Numpy reshaped\")\n",
        "print(reshaped)"
      ]
    },
    {
      "cell_type": "code",
      "execution_count": null,
      "id": "0d605f82-5488-4d7f-af49-0a422072c451",
      "metadata": {
        "id": "0d605f82-5488-4d7f-af49-0a422072c451"
      },
      "outputs": [],
      "source": []
    },
    {
      "cell_type": "code",
      "execution_count": null,
      "id": "40388938-d1a1-4f94-a3b3-02bbf193ea79",
      "metadata": {
        "id": "40388938-d1a1-4f94-a3b3-02bbf193ea79"
      },
      "outputs": [],
      "source": []
    }
  ],
  "metadata": {
    "kernelspec": {
      "display_name": "Python 3 (ipykernel)",
      "language": "python",
      "name": "python3"
    },
    "language_info": {
      "codemirror_mode": {
        "name": "ipython",
        "version": 3
      },
      "file_extension": ".py",
      "mimetype": "text/x-python",
      "name": "python",
      "nbconvert_exporter": "python",
      "pygments_lexer": "ipython3",
      "version": "3.13.5"
    },
    "colab": {
      "provenance": [],
      "include_colab_link": true
    }
  },
  "nbformat": 4,
  "nbformat_minor": 5
}